5
1000
122 765
501 630
950 467
346 333
293 721
159 759
518 810
358 319
975 897
22 860
495 457
353 538
378 606
469 783
752 290
379 839
190 42
475 657
724 390
718 895
46 205
162 434
99 702
73 515
8 376
483 755
894 538
159 148
152 700
366 150
558 725
625 211
268 962
854 251
156 869
367 753
392 572
330 636
481 630
154 151
339 577
876 561
366 263
779 238
935 892
317 996
476 530
260 278
724 357
254 317
573 520
37 770
732 38
775 181
616 241
199 530
695 806
874 766
8 711
20 950
367 160
921 841
164 355
588 689
172 892
875 806
783 837
368 970
168 883
210 350
801 703
458 60
92 246
38 803
850 34
626 558
856 663
642 557
685 71
737 443
574 686
869 854
930 670
513 506
406 260
97 134
42 305
122 157
202 322
871 927
399 776
581 325
507 553
64 481
160 382
492 780
945 811
261 773
583 626
574 57
550 88
438 693
165 574
263 62
162 273
982 914
988 906
349 812
15 167
308 540
11 48
267 60
661 507
434 524
541 729
658 63
478 407
881 604
362 206
481 534
291 115
281 372
410 919
787 466
140 72
549 430
768 294
384 627
331 551
356 234
780 836
626 148
120 377
8 969
687 497
849 349
189 856
506 845
770 783
590 431
283 604
371 23
798 831
203 786
274 486
700 991
516 489
872 577
411 391
877 606
566 967
966 211
944 208
392 174
859 578
150 331
786 683
126 712
102 587
434 600
330 848
968 211
542 546
386 205
864 896
663 619
998 609
440 649
101 68
316 438
365 153
980 726
587 933
991 671
94 850
927 477
51 117
186 567
665 854
563 64
773 108
606 46
231 478
159 438
979 27
188 302
673 355
303 649
85 99
317 527
256 677
337 890
869 366
737 10
37 430
264 10
652 771
699 121
321 47
908 746
946 517
626 540
350 976
751 715
625 52
512 973
651 67
792 966
689 65
238 92
571 833
419 427
436 518
589 763
405 298
518 525
146 539
13 706
132 328
596 900
373 232
464 58
168 596
669 817
230 528
64 478
129 439
714 644
533 324
508 612
770 529
421 184
68 987
845 223
355 148
174 764
443 568
454 359
869 793
847 211
932 939
423 414
393 96
80 508
400 461
224 244
16 795
914 258
87 399
387 699
348 987
830 700
59 387
729 867
236 240
590 156
340 712
875 510
162 300
554 412
84 33
609 236
152 728
83 747
923 86
430 391
909 989
251 963
971 265
161 31
508 163
546 941
69 217
676 605
773 132
122 618
697 137
24 747
473 745
514 419
544 401
62 602
544 58
301 353
301 706
455 489
629 977
36 573
607 581
923 540
72 735
470 752
295 692
524 121
515 957
118 163
31 887
843 292
285 627
845 967
440 751
201 763
432 435
298 172
914 45
287 921
693 77
297 541
151 794
517 703
166 532
424 322
935 24
734 13
762 727
698 891
972 262
161 772
804 535
879 859
14 151
144 54
548 591
872 321
151 955
4 116
378 814
575 88
264 764
478 541
417 558
596 271
417 865
102 989
985 151
200 809
220 85
471 82
91 68
181 413
986 216
864 64
680 220
810 109
643 411
803 309
937 24
299 786
592 72
193 740
223 579
806 318
787 974
466 78
524 60
446 440
701 968
217 883
791 916
676 378
670 326
37 92
298 270
727 533
136 217
200 547
335 809
834 98
267 298
515 56
830 591
949 74
417 195
583 29
647 424
66 78
491 812
965 442
237 79
689 775
385 278
885 105
456 67
171 445
501 306
817 738
809 629
722 531
999 569
499 551
737 40
470 97
825 821
738 320
377 363
696 16
108 822
71 575
882 416
306 712
752 293
405 619
669 607
811 428
30 851
19 264
587 458
431 259
817 66
796 205
526 618
148 344
871 361
407 539
557 256
661 842
740 211
598 60
979 844
442 212
615 368
785 504
383 264
773 741
953 625
811 177
716 277
910 143
852 880
771 215
82 995
782 899
369 964
428 380
186 548
238 611
400 96
333 848
549 921
936 902
435 84
224 668
740 187
900 390
154 113
45 474
752 746
916 236
839 785
95 706
850 144
424 841
955 436
949 46
315 957
865 94
574 578
473 455
700 140
288 876
418 638
284 476
223 684
367 388
935 865
983 1
779 606
334 694
983 538
635 444
283 837
287 141
923 228
416 968
278 864
938 401
339 191
17 806
671 153
800 467
496 740
237 342
590 128
658 35
356 148
622 202
924 968
738 524
792 521
197 873
98 504
416 941
325 882
418 679
585 793
286 545
843 66
120 155
611 119
243 481
502 718
838 166
587 530
327 168
246 658
718 195
420 577
656 561
609 967
372 77
665 846
638 684
600 279
415 230
482 451
283 930
268 690
794 71
904 47
247 4
837 97
476 265
517 996
852 867
406 190
920 460
353 387
147 944
294 90
29 266
773 541
108 301
39 981
502 860
59 435
753 450
113 512
107 618
691 230
442 416
751 805
829 6
79 871
673 457
936 716
85 465
654 999
70 572
751 175
788 939
355 335
99 692
219 326
123 919
871 304
465 961
878 443
220 764
25 354
536 52
200 118
790 851
980 920
450 14
820 16
963 126
753 50
663 209
889 555
141 374
447 376
449 477
433 680
748 436
977 845
937 378
176 89
96 688
775 500
710 681
964 293
731 580
756 601
917 280
469 648
90 244
475 508
885 248
119 751
66 516
128 671
909 764
390 206
659 925
30 164
857 151
437 238
937 384
111 319
465 848
125 289
736 357
750 15
259 160
65 859
665 798
610 283
325 215
241 862
9 851
237 467
913 424
74 122
653 5
686 901
721 341
181 947
115 22
771 885
944 753
431 932
566 772
486 989
503 735
534 719
343 317
631 363
517 519
714 818
750 114
613 756
202 358
259 717
245 458
671 871
762 209
453 216
452 342
456 622
662 476
934 16
390 525
887 479
722 17
681 21
112 531
945 427
671 707
640 698
986 725
124 511
487 575
965 644
464 308
230 958
403 972
511 830
394 643
774 656
884 958
313 927
98 529
413 854
482 683
275 144
440 400
405 410
670 564
973 73
63 364
549 960
506 634
106 646
371 84
522 668
641 590
795 397
555 331
338 619
160 472
38 806
199 711
711 862
295 545
248 632
493 236
814 370
681 961
915 639
194 645
323 217
25 372
454 794
381 448
553 325
612 948
906 161
874 78
696 272
216 517
779 829
468 415
49 440
176 862
64 797
777 706
247 486
82 855
586 95
323 682
824 879
677 414
68 494
780 236
224 779
494 836
773 863
777 873
697 487
107 427
103 450
573 751
591 138
537 210
314 534
331 866
256 503
940 672
130 42
893 987
963 820
559 581
978 798
657 528
791 222
214 560
617 184
807 697
253 718
300 870
637 431
62 218
399 239
621 755
467 716
302 189
198 382
14 698
584 323
719 345
114 898
441 17
778 811
800 112
624 611
861 59
914 194
761 849
7 362
573 282
805 173
828 55
808 959
446 804
790 603
356 730
726 557
943 41
672 825
142 157
344 556
201 675
220 635
1000 601
845 491
43 321
668 733
730 258
481 179
599 917
109 47
221 167
774 550
571 312
204 49
299 975
312 729
221 272
28 272
659 366
899 926
451 128
50 110
331 970
911 412
145 121
796 51
858 865
910 826
47 170
320 981
854 250
336 790
369 505
678 427
35 426
40 739
840 323
664 186
962 542
239 762
483 998
96 61
316 448
658 802
358 731
715 782
922 134
655 116
377 381
388 823
758 169
279 593
289 435
800 543
929 146
80 984
183 451
402 579
657 868
678 347
395 286
352 180
106 475
677 3
589 720
232 199
182 66
815 565
994 873
827 125
628 932
720 139
359 143
675 950
911 641
611 213
153 235
180 218
748 210
816 803
419 375
570 31
608 158
886 112
471 621
498 150
27 960
632 821
348 709
933 999
819 202
716 262
18 746
171 221
569 931
8 422
451 196
509 412
53 33
723 947
60 650
613 509
549 653
803 127
493 233
129 79
695 674
518 813
784 291
798 425
957 928
743 1000
199 918
397 158
679 41
338 207
462 676
364 917
22 560
41 249
582 97
339 890
819 760
565 378
116 623
104 2
160 55
242 491
459 724
297 769
255 998
149 866
104 857
200 133
421 264
972 808
8 332
629 915
952 834
942 875
595 193
435 838
954 353
289 523
342 620
484 907
286 576
713 801
744 130
93 482
686 11
192 807
730 767
268 907
566 708
767 429
311 556
903 602
296 51
555 12
234 597
892 704
880 990
888 670
919 997
951 959
758 239
409 872
252 975
841 993
853 937
280 614
52 694
943 552
549 912
799 675
225 590
75 813
488 735
815 76
950 705
593 269
50 135
905 86
44 466
16 229
497 535
178 262
369 329
185 194
742 357
227 420
713 32
276 328
739 754
101 633
439 100
81 330
838 594
226 892
773 485
749 888
26 771
760 396
404 372
924 131
832 420
919 310
992 630
257 922
351 516
789 184
666 41
883 667
660 627
837 480
490 66
373 562
223 835
463 97
398 702
781 312
408 348
334 956
259 389
360 376
757 974
307 464
999 500
151 985
627 285
977 629
211 966
608 158
498 150
218 62
437 238
109 810
167 221
779 224
771 652
938 401
681 21
579 402
880 852
161 906
753 450
921 841
16 696
514 419
294 90
80 984
842 661
949 46
965 644
907 484
800 112
247 4
376 8
231 478
63 364
447 376
398 702
558 417
130 42
388 823
611 624
236 916
540 308
187 740
440 751
980 920
915 639
300 162
890 339
575 71
148 355
811 778
164 355
64 864
838 435
491 242
399 239
948 612
420 577
60 598
378 565
438 316
144 850
50 135
885 248
252 975
148 626
454 359
143 359
832 420
211 847
558 626
17 806
224 779
443 568
71 575
730 258
14 151
540 923
762 209
105 885
237 342
377 120
737 443
711 199
169 758
34 850
289 435
148 159
102 587
533 727
335 809
330 81
65 689
712 306
849 761
427 419
550 774
913 424
8 376
267 298
96 400
971 265
331 555
419 375
451 482
724 459
865 935
675 201
773 108
553 325
584 323
895 718
659 366
86 923
294 768
692 295
94 865
590 156
674 695
794 454
857 104
344 556
624 611
417 558
238 92
308 464
864 64
268 962
106 646
349 812
391 430
400 96
845 506
421 184
808 959
834 952
565 378
873 197
428 380
883 667
611 238
935 892
190 406
25 372
793 585
473 745
851 790
611 213
695 806
604 881
358 202
256 557
524 121
747 83
729 867
40 737
99 692
293 964
100 439
806 17
847 211
864 896
851 9
865 417
90 244
711 862
41 679
839 785
468 415
440 400
567 186
1000 743
480 837
117 51
614 280
120 155
966 211
820 16
939 788
689 775
871 361
670 326
716 467
283 930
162 273
256 503
494 836
850 34
888 749
283 837
767 429
47 170
42 305
764 174
443 737
798 425
68 101
356 148
145 121
466 44
806 695
352 180
35 426
30 851
297 769
163 508
25 354
78 874
228 923
539 407
259 431
588 689
522 668
52 694
84 33
287 921
430 549
84 371
530 199
226 892
962 268
328 132
735 503
563 64
322 202
520 573
902 936
220 680
471 82
435 84
405 298
92 37
754 739
698 14
566 967
126 712
451 196
549 960
453 216
688 96
742 357
724 357
152 728
517 216
653 5
239 762
115 291
545 286
836 494
9 851
700 991
541 773
189 856
47 109
849 349
852 867
774 656
728 152
85 220
384 627
766 874
205 796
583 29
114 750
8 711
923 540
194 914
841 993
458 587
304 871
831 798
686 574
871 304
858 865
679 418
393 96
546 542
999 654
46 205
185 194
66 843
979 27
418 638
381 377
223 579
83 747
369 964
837 283
331 866
467 950
513 506
216 986
865 94
578 574
335 355
481 64
692 99
855 82
583 626
375 419
775 181
607 581
210 537
317 343
771 26
212 442
669 817
658 246
350 976
738 320
860 22
300 870
779 238
706 95
917 280
967 566
756 601
763 201
810 518
751 440
753 944
112 531
564 670
746 752
50 110
725 558
413 854
924 968
205 386
318 806
994 873
104 2
989 909
51 296
229 16
723 947
417 865
750 15
762 727
205 46
791 916
435 432
425 798
867 729
974 757
700 830
407 539
390 206
906 988
12 555
576 286
363 631
934 16
289 125
266 29
132 773
151 794
246 92
659 925
670 930
502 860
66 490
951 959
97 582
969 8
591 138
600 434
880 990
846 665
164 30
593 279
410 405
675 799
910 143
60 458
968 211
873 994
613 756
640 698
594 838
776 399
481 243
418 679
691 230
290 752
840 323
310 919
156 869
297 541
433 680
336 790
376 360
125 289
643 411
606 378
577 420
914 258
722 17
288 876
311 556
426 35
72 735
306 712
803 38
195 718
581 325
251 963
991 671
990 880
590 641
730 767
92 238
668 733
84 435
579 223
632 821
79 237
960 549
848 333
765 122
131 924
361 871
258 730
323 840
792 966
146 929
817 66
859 578
286 395
161 772
557 256
165 574
599 917
272 28
914 194
189 302
436 748
199 530
508 163
879 824
458 60
223 684
194 185
298 172
339 577
163 118
887 479
217 69
326 219
29 583
751 805
122 157
872 321
59 387
991 700
464 307
203 786
805 173
20 950
875 806
452 342
719 534
869 156
642 557
658 63
743 1000
544 58
51 796
683 482
221 171
491 812
338 207
97 463
432 435
944 208
562 373
856 663
821 825
153 671
694 334
555 12
493 233
719 345
797 64
39 981
997 919
660 627
503 735
49 440
38 806
598 60
539 146
298 405
716 936
16 795
529 770
548 591
222 791
326 670
993 841
998 483
919 310
983 1
459 724
837 783
936 902
139 720
666 41
4 116
271 596
876 288
917 599
541 478
859 65
136 217
473 455
322 424
852 880
875 942
64 481
716 277
200 133
22 115
62 602
814 378
622 202
269 593
790 851
348 987
619 663
372 404
937 384
755 483
711 8
947 181
8 422
541 297
780 236
476 265
486 274
390 900
975 897
733 668
467 716
815 565
998 255
119 751
724 390
587 933
807 192
151 14
689 588
303 649
796 205
422 8
217 323
919 997
77 372
148 356
382 198
700 152
535 497
46 949
590 431
301 108
516 66
650 60
184 617
287 141
463 97
154 151
857 151
744 130
791 222
964 293
615 368
210 350
476 284
195 417
280 614
412 509
516 489
892 172
750 114
597 234
238 779
143 910
199 232
487 697
128 590
209 762
767 730
256 677
448 381
843 292
108 773
339 890
342 237
147 944
959 951
234 597
631 363
64 797
283 610
415 230
910 826
651 67
783 837
779 606
864 278
715 782
710 681
975 299
378 814
166 532
497 535
819 760
862 176
41 249
869 854
47 904
935 24
943 552
680 220
27 960
217 883
153 365
334 956
451 128
883 217
106 475
52 625
731 358
649 440
402 579
159 438
630 992
17 441
604 283
596 900
190 42
122 765
649 303
466 787
31 887
474 45
330 848
199 711
919 410
202 819
602 62
808 972
927 871
517 519
122 618
345 719
348 408
568 443
962 542
211 740
99 85
984 80
38 803
892 935
120 377
663 209
367 388
801 703
51 117
101 633
148 344
702 398
949 74
36 573
206 362
968 924
316 438
931 569
254 317
32 713
263 62
366 869
30 164
112 800
596 168
714 818
717 259
590 225
72 140
44 466
24 935
267 60
497 687
782 715
566 708
26 771
515 73
727 762
279 600
644 714
764 909
695 674
770 529
124 511
503 256
246 658
924 131
45 914
17 722
741 773
753 367
332 8
356 730
239 758
74 949
973 73
780 836
570 31
814 370
73 973
961 681
697 487
420 832
845 223
278 864
438 159
936 716
759 159
404 372
512 973
547 200
291 784
803 309
265 476
740 193
409 872
560 22
773 741
461 400
988 906
392 174
121 145
281 372
477 927
999 569
912 549
954 353
109 47
500 775
339 191
292 843
518 525
746 908
257 922
40 739
706 777
572 70
66 182
244 90
606 46
180 352
194 645
641 590
677 3
906 161
591 830
542 546
534 481
484 907
709 348
277 716
627 660
50 753
166 838
904 47
549 653
6 829
987 893
718 195
265 971
657 475
184 789
790 336
218 180
325 553
316 448
160 382
236 240
125 827
953 625
970 368
537 210
549 430
424 913
986 725
239 399
778 811
908 746
720 589
950 20
707 671
885 771
174 764
442 416
916 791
706 13
284 476
752 746
353 954
98 834
482 93
740 187
657 868
377 381
678 427
353 301
227 420
930 283
101 68
168 596
353 538
841 921
173 805
478 407
892 226
739 754
191 339
529 98
389 259
932 431
159 759
601 1000
818 714
230 528
496 740
168 327
347 678
609 967
612 508
91 68
346 333
161 31
577 339
721 341
916 236
383 264
515 957
469 648
983 538
184 421
155 120
891 698
82 855
648 469
253 718
368 615
97 470
108 301
947 723
301 706
356 234
967 609
482 683
677 256
272 696
926 899
580 731
942 875
787 974
581 607
935 865
899 926
751 715
97 134
696 272
178 262
456 622
672 940
796 51
901 686
974 787
646 106
768 294
401 938
221 272
478 231
379 839
822 108
532 166
830 511
987 68
333 346
215 325
725 986
238 437
825 821
661 507
355 148
779 829
200 118
98 504
283 604
67 651
943 41
364 63
524 738
440 49
58 464
320 738
363 377
373 562
114 898
672 825
177 811
978 798
623 116
794 151
837 97
892 704
499 551
357 736
569 931
440 649
96 393
451 183
240 236
369 505
329 369
416 442
999 933
478 541
70 572
636 330
270 298
726 557
320 981
174 392
60 524
198 382
780 492
274 486
488 735
566 772
260 278
397 158
366 659
103 450
838 166
681 710
950 467
703 801
504 98
490 66
82 471
589 720
670 564
854 413
918 199
67 456
686 901
362 7
512 113
941 546
618 122
167 15
536 52
483 998
812 349
483 755
909 764
119 611
504 785
992 630
573 282
673 457
415 468
752 290
571 312
696 16
477 449
877 606
802 658
590 128
186 567
795 397
561 876
643 394
424 647
479 887
920 980
533 324
328 276
775 689
538 353
78 466
457 673
730 356
18 746
207 338
273 162
543 800
1000
122 765
501 630
950 467
346 333
293 721
159 759
518 810
358 319
975 897
22 860
495 457
353 538
378 606
469 783
752 290
379 839
190 42
475 657
724 390
718 895
46 205
162 434
99 702
73 515
8 376
483 755
894 538
159 148
152 700
366 150
558 725
625 211
268 962
854 251
156 869
367 753
392 572
330 636
481 630
154 151
339 577
876 561
366 263
779 238
935 892
317 996
476 530
260 278
724 357
254 317
573 520
37 770
732 38
775 181
616 241
199 530
695 806
874 766
8 711
20 950
367 160
921 841
164 355
588 689
172 892
875 806
783 837
368 970
168 883
210 350
801 703
458 60
92 246
38 803
850 34
626 558
856 663
642 557
685 71
737 443
574 686
869 854
930 670
513 506
406 260
97 134
42 305
122 157
202 322
871 927
399 776
581 325
507 553
64 481
160 382
492 780
945 811
261 773
583 626
574 57
550 88
438 693
165 574
263 62
162 273
982 914
988 906
349 812
15 167
308 540
11 48
267 60
661 507
434 524
541 729
658 63
478 407
881 604
362 206
481 534
291 115
281 372
410 919
787 466
140 72
549 430
768 294
384 627
331 551
356 234
780 836
626 148
120 377
8 969
687 497
849 349
189 856
506 845
770 783
590 431
283 604
371 23
798 831
203 786
274 486
700 991
516 489
872 577
411 391
877 606
566 967
966 211
944 208
392 174
859 578
150 331
786 683
126 712
102 587
434 600
330 848
968 211
542 546
386 205
864 896
663 619
998 609
440 649
101 68
316 438
365 153
980 726
587 933
991 671
94 850
927 477
51 117
186 567
665 854
563 64
773 108
606 46
231 478
159 438
979 27
188 302
673 355
303 649
85 99
317 527
256 677
337 890
869 366
737 10
37 430
264 10
652 771
699 121
321 47
908 746
946 517
626 540
350 976
751 715
625 52
512 973
651 67
792 966
689 65
238 92
571 833
419 427
436 518
589 763
405 298
518 525
146 539
13 706
132 328
596 900
373 232
464 58
168 596
669 817
230 528
64 478
129 439
714 644
533 324
508 612
770 529
421 184
68 987
845 223
355 148
174 764
443 568
454 359
869 793
847 211
932 939
423 414
393 96
80 508
400 461
224 244
16 795
914 258
87 399
387 699
348 987
830 700
59 387
729 867
236 240
590 156
340 712
875 510
162 300
554 412
84 33
609 236
152 728
83 747
923 86
430 391
909 989
251 963
971 265
161 31
508 163
546 941
69 217
676 605
773 132
122 618
697 137
24 747
473 745
514 419
544 401
62 602
544 58
301 353
301 706
455 489
629 977
36 573
607 581
923 540
72 735
470 752
295 692
524 121
515 957
118 163
31 887
843 292
285 627
845 967
440 751
201 763
432 435
298 172
914 45
287 921
693 77
297 541
151 794
517 703
166 532
424 322
935 24
734 13
762 727
698 891
972 262
161 772
804 535
879 859
14 151
144 54
548 591
872 321
151 955
4 116
378 814
575 88
264 764
478 541
417 558
596 271
417 865
102 989
985 151
200 809
220 85
471 82
91 68
181 413
986 216
864 64
680 220
810 109
643 411
803 309
937 24
299 786
592 72
193 740
223 579
806 318
787 974
466 78
524 60
446 440
701 968
217 883
791 916
676 378
670 326
37 92
298 270
727 533
136 217
200 547
335 809
834 98
267 298
515 56
830 591
949 74
417 195
583 29
647 424
66 78
491 812
965 442
237 79
689 775
385 278
885 105
456 67
171 445
501 306
817 738
809 629
722 531
999 569
499 551
737 40
470 97
825 821
738 320
377 363
696 16
108 822
71 575
882 416
306 712
752 293
405 619
669 607
811 428
30 851
19 264
587 458
431 259
817 66
796 205
526 618
148 344
871 361
407 539
557 256
661 842
740 211
598 60
979 844
442 212
615 368
785 504
383 264
773 741
953 625
811 177
716 277
910 143
852 880
771 215
82 995
782 899
369 964
428 380
186 548
238 611
400 96
333 848
549 921
936 902
435 84
224 668
740 187
900 390
154 113
45 474
752 746
916 236
839 785
95 706
850 144
424 841
955 436
949 46
315 957
865 94
574 578
473 455
700 140
288 876
418 638
284 476
223 684
367 388
935 865
983 1
779 606
334 694
983 538
635 444
283 837
287 141
923 228
416 968
278 864
938 401
339 191
17 806
671 153
800 467
496 740
237 342
590 128
658 35
356 148
622 202
924 968
738 524
792 521
197 873
98 504
416 941
325 882
418 679
585 793
286 545
843 66
120 155
611 119
243 481
502 718
838 166
587 530
327 168
246 658
718 195
420 577
656 561
609 967
372 77
665 846
638 684
600 279
415 230
482 451
283 930
268 690
794 71
904 47
247 4
837 97
476 265
517 996
852 867
406 190
920 460
353 387
147 944
294 90
29 266
773 541
108 301
39 981
502 860
59 435
753 450
113 512
107 618
691 230
442 416
751 805
829 6
79 871
673 457
936 716
85 465
654 999
70 572
751 175
788 939
355 335
99 692
219 326
123 919
871 304
465 961
878 443
220 764
25 354
536 52
200 118
790 851
980 920
450 14
820 16
963 126
753 50
663 209
889 555
141 374
447 376
449 477
433 680
748 436
977 845
937 378
176 89
96 688
775 500
710 681
964 293
731 580
756 601
917 280
469 648
90 244
475 508
885 248
119 751
66 516
128 671
909 764
390 206
659 925
30 164
857 151
437 238
937 384
111 319
465 848
125 289
736 357
750 15
259 160
65 859
665 798
610 283
325 215
241 862
9 851
237 467
913 424
74 122
653 5
686 901
721 341
181 947
115 22
771 885
944 753
431 932
566 772
486 989
503 735
534 719
343 317
631 363
517 519
714 818
750 114
613 756
202 358
259 717
245 458
671 871
762 209
453 216
452 342
456 622
662 476
934 16
390 525
887 479
722 17
681 21
112 531
945 427
671 707
640 698
986 725
124 511
487 575
965 644
464 308
230 958
403 972
511 830
394 643
774 656
884 958
313 927
98 529
413 854
482 683
275 144
440 400
405 410
670 564
973 73
63 364
549 960
506 634
106 646
371 84
522 668
641 590
795 397
555 331
338 619
160 472
38 806
199 711
711 862
295 545
248 632
493 236
814 370
681 961
915 639
194 645
323 217
25 372
454 794
381 448
553 325
612 948
906 161
874 78
696 272
216 517
779 829
468 415
49 440
176 862
64 797
777 706
247 486
82 855
586 95
323 682
824 879
677 414
68 494
780 236
224 779
494 836
773 863
777 873
697 487
107 427
103 450
573 751
591 138
537 210
314 534
331 866
256 503
940 672
130 42
893 987
963 820
559 581
978 798
657 528
791 222
214 560
617 184
807 697
253 718
300 870
637 431
62 218
399 239
621 755
467 716
302 189
198 382
14 698
584 323
719 345
114 898
441 17
778 811
800 112
624 611
861 59
914 194
761 849
7 362
573 282
805 173
828 55
808 959
446 804
790 603
356 730
726 557
943 41
672 825
142 157
344 556
201 675
220 635
1000 601
845 491
43 321
668 733
730 258
481 179
599 917
109 47
221 167
774 550
571 312
204 49
299 975
312 729
221 272
28 272
659 366
899 926
451 128
50 110
331 970
911 412
145 121
796 51
858 865
910 826
47 170
320 981
854 250
336 790
369 505
678 427
35 426
40 739
840 323
664 186
962 542
239 762
483 998
96 61
316 448
658 802
358 731
715 782
922 134
655 116
377 381
388 823
758 169
279 593
289 435
800 543
929 146
80 984
183 451
402 579
657 868
678 347
395 286
352 180
106 475
677 3
589 720
232 199
182 66
815 565
994 873
827 125
628 932
720 139
359 143
675 950
911 641
611 213
153 235
180 218
748 210
816 803
419 375
570 31
608 158
886 112
471 621
498 150
27 960
632 821
348 709
933 999
819 202
716 262
18 746
171 221
569 931
8 422
451 196
509 412
53 33
723 947
60 650
613 509
549 653
803 127
493 233
129 79
695 674
518 813
784 291
798 425
957 928
743 1000
199 918
397 158
679 41
338 207
462 676
364 917
22 560
41 249
582 97
339 890
819 760
565 378
116 623
104 2
160 55
242 491
459 724
297 769
255 998
149 866
104 857
200 133
421 264
972 808
8 332
629 915
952 834
942 875
595 193
435 838
954 353
289 523
342 620
484 907
286 576
713 801
744 130
93 482
686 11
192 807
730 767
268 907
566 708
767 429
311 556
903 602
296 51
555 12
234 597
892 704
880 990
888 670
919 997
951 959
758 239
409 872
252 975
841 993
853 937
280 614
52 694
943 552
549 912
799 675
225 590
75 813
488 735
815 76
950 705
593 269
50 135
905 86
44 466
16 229
497 535
178 262
369 329
185 194
742 357
227 420
713 32
276 328
739 754
101 633
439 100
81 330
838 594
226 892
773 485
749 888
26 771
760 396
404 372
924 131
832 420
919 310
992 630
257 922
351 516
789 184
666 41
883 667
660 627
837 480
490 66
373 562
223 835
463 97
398 702
781 312
408 348
334 956
259 389
360 376
757 974
307 464
999 500
151 985
627 285
977 629
211 966
608 158
498 150
218 62
437 238
109 810
167 221
779 224
771 652
938 401
681 21
579 402
880 852
161 906
753 450
921 841
16 696
514 419
294 90
80 984
842 661
949 46
965 644
907 484
800 112
247 4
376 8
231 478
63 364
447 376
398 702
558 417
130 42
388 823
611 624
236 916
540 308
187 740
440 751
980 920
915 639
300 162
890 339
575 71
148 355
811 778
164 355
64 864
838 435
491 242
399 239
948 612
420 577
60 598
378 565
438 316
144 850
50 135
885 248
252 975
148 626
454 359
143 359
832 420
211 847
558 626
17 806
224 779
443 568
71 575
730 258
14 151
540 923
762 209
105 885
237 342
377 120
737 443
711 199
169 758
34 850
289 435
148 159
102 587
533 727
335 809
330 81
65 689
712 306
849 761
427 419
550 774
913 424
8 376
267 298
96 400
971 265
331 555
419 375
451 482
724 459
865 935
675 201
773 108
553 325
584 323
895 718
659 366
86 923
294 768
692 295
94 865
590 156
674 695
794 454
857 104
344 556
624 611
417 558
238 92
308 464
864 64
268 962
106 646
349 812
391 430
400 96
845 506
421 184
808 959
834 952
565 378
873 197
428 380
883 667
611 238
935 892
190 406
25 372
793 585
473 745
851 790
611 213
695 806
604 881
358 202
256 557
524 121
747 83
729 867
40 737
99 692
293 964
100 439
806 17
847 211
864 896
851 9
865 417
90 244
711 862
41 679
839 785
468 415
440 400
567 186
1000 743
480 837
117 51
614 280
120 155
966 211
820 16
939 788
689 775
871 361
670 326
716 467
283 930
162 273
256 503
494 836
850 34
888 749
283 837
767 429
47 170
42 305
764 174
443 737
798 425
68 101
356 148
145 121
466 44
806 695
352 180
35 426
30 851
297 769
163 508
25 354
78 874
228 923
539 407
259 431
588 689
522 668
52 694
84 33
287 921
430 549
84 371
530 199
226 892
962 268
328 132
735 503
563 64
322 202
520 573
902 936
220 680
471 82
435 84
405 298
92 37
754 739
698 14
566 967
126 712
451 196
549 960
453 216
688 96
742 357
724 357
152 728
517 216
653 5
239 762
115 291
545 286
836 494
9 851
700 991
541 773
189 856
47 109
849 349
852 867
774 656
728 152
85 220
384 627
766 874
205 796
583 29
114 750
8 711
923 540
194 914
841 993
458 587
304 871
831 798
686 574
871 304
858 865
679 418
393 96
546 542
999 654
46 205
185 194
66 843
979 27
418 638
381 377
223 579
83 747
369 964
837 283
331 866
467 950
513 506
216 986
865 94
578 574
335 355
481 64
692 99
855 82
583 626
375 419
775 181
607 581
210 537
317 343
771 26
212 442
669 817
658 246
350 976
738 320
860 22
300 870
779 238
706 95
917 280
967 566
756 601
763 201
810 518
751 440
753 944
112 531
564 670
746 752
50 110
725 558
413 854
924 968
205 386
318 806
994 873
104 2
989 909
51 296
229 16
723 947
417 865
750 15
762 727
205 46
791 916
435 432
425 798
867 729
974 757
700 830
407 539
390 206
906 988
12 555
576 286
363 631
934 16
289 125
266 29
132 773
151 794
246 92
659 925
670 930
502 860
66 490
951 959
97 582
969 8
591 138
600 434
880 990
846 665
164 30
593 279
410 405
675 799
910 143
60 458
968 211
873 994
613 756
640 698
594 838
776 399
481 243
418 679
691 230
290 752
840 323
310 919
156 869
297 541
433 680
336 790
376 360
125 289
643 411
606 378
577 420
914 258
722 17
288 876
311 556
426 35
72 735
306 712
803 38
195 718
581 325
251 963
991 671
990 880
590 641
730 767
92 238
668 733
84 435
579 223
632 821
79 237
960 549
848 333
765 122
131 924
361 871
258 730
323 840
792 966
146 929
817 66
859 578
286 395
161 772
557 256
165 574
599 917
272 28
914 194
189 302
436 748
199 530
508 163
879 824
458 60
223 684
194 185
298 172
339 577
163 118
887 479
217 69
326 219
29 583
751 805
122 157
872 321
59 387
991 700
464 307
203 786
805 173
20 950
875 806
452 342
719 534
869 156
642 557
658 63
743 1000
544 58
51 796
683 482
221 171
491 812
338 207
97 463
432 435
944 208
562 373
856 663
821 825
153 671
694 334
555 12
493 233
719 345
797 64
39 981
997 919
660 627
503 735
49 440
38 806
598 60
539 146
298 405
716 936
16 795
529 770
548 591
222 791
326 670
993 841
998 483
919 310
983 1
459 724
837 783
936 902
139 720
666 41
4 116
271 596
876 288
917 599
541 478
859 65
136 217
473 455
322 424
852 880
875 942
64 481
716 277
200 133
22 115
62 602
814 378
622 202
269 593
790 851
348 987
619 663
372 404
937 384
755 483
711 8
947 181
8 422
541 297
780 236
476 265
486 274
390 900
975 897
733 668
467 716
815 565
998 255
119 751
724 390
587 933
807 192
151 14
689 588
303 649
796 205
422 8
217 323
919 997
77 372
148 356
382 198
700 152
535 497
46 949
590 431
301 108
516 66
650 60
184 617
287 141
463 97
154 151
857 151
744 130
791 222
964 293
615 368
210 350
476 284
195 417
280 614
412 509
516 489
892 172
750 114
597 234
238 779
143 910
199 232
487 697
128 590
209 762
767 730
256 677
448 381
843 292
108 773
339 890
342 237
147 944
959 951
234 597
631 363
64 797
283 610
415 230
910 826
651 67
783 837
779 606
864 278
715 782
710 681
975 299
378 814
166 532
497 535
819 760
862 176
41 249
869 854
47 904
935 24
943 552
680 220
27 960
217 883
153 365
334 956
451 128
883 217
106 475
52 625
731 358
649 440
402 579
159 438
630 992
17 441
604 283
596 900
190 42
122 765
649 303
466 787
31 887
474 45
330 848
199 711
919 410
202 819
602 62
808 972
927 871
517 519
122 618
345 719
348 408
568 443
962 542
211 740
99 85
984 80
38 803
892 935
120 377
663 209
367 388
801 703
51 117
101 633
148 344
702 398
949 74
36 573
206 362
968 924
316 438
931 569
254 317
32 713
263 62
366 869
30 164
112 800
596 168
714 818
717 259
590 225
72 140
44 466
24 935
267 60
497 687
782 715
566 708
26 771
515 73
727 762
279 600
644 714
764 909
695 674
770 529
124 511
503 256
246 658
924 131
45 914
17 722
741 773
753 367
332 8
356 730
239 758
74 949
973 73
780 836
570 31
814 370
73 973
845 223
278 864
438 159
936 716
759 159
404 372
512 973
547 200
291 784
803 309
265 476
740 193
409 872
560 22
773 741
461 400
988 906
392 174
121 145
281 372
477 927
999 569
912 549
954 353
109 47
500 775
339 191
292 843
518 525
746 908
257 922
40 739
706 777
572 70
66 182
244 90
606 46
180 352
194 645
641 590
677 3
906 161
591 830
542 546
534 481
484 907
709 348
277 716
627 660
50 753
166 838
904 47
549 653
6 829
987 893
718 195
265 971
657 475
184 789
790 336
218 180
325 553
316 448
160 382
236 240
125 827
953 625
970 368
537 210
549 430
424 913
986 725
239 399
778 811
908 746
720 589
950 20
707 671
885 771
174 764
442 416
916 791
706 13
284 476
752 746
353 954
98 834
482 93
740 187
657 868
377 381
678 427
353 301
227 420
930 283
101 68
168 596
353 538
841 921
173 805
478 407
892 226
739 754
191 339
529 98
389 259
932 431
159 759
601 1000
818 714
230 528
496 740
168 327
347 678
609 967
612 508
91 68
346 333
161 31
577 339
721 341
916 236
383 264
515 957
469 648
983 538
184 421
155 120
891 698
82 855
648 469
253 718
368 615
97 470
108 301
947 723
301 706
356 234
967 609
482 683
677 256
272 696
926 899
580 731
942 875
787 974
581 607
935 865
899 926
751 715
97 134
696 272
178 262
456 622
672 940
796 51
901 686
974 787
646 106
768 294
401 938
221 272
478 231
379 839
822 108
532 166
830 511
987 68
333 346
215 325
725 986
238 437
825 821
661 507
355 148
779 829
200 118
98 504
283 604
67 651
943 41
364 63
524 738
440 49
58 464
320 738
363 377
373 562
114 898
672 825
177 811
978 798
623 116
794 151
837 97
892 704
499 551
357 736
569 931
440 649
96 393
451 183
240 236
369 505
329 369
416 442
999 933
478 541
70 572
636 330
270 298
726 557
320 981
174 392
60 524
198 382
780 492
274 486
488 735
566 772
260 278
397 158
366 659
103 450
838 166
681 710
950 467
703 801
504 98
490 66
82 471
589 720
670 564
854 413
918 199
67 456
686 901
362 7
512 113
941 546
618 122
167 15
536 52
483 998
812 349
483 755
909 764
119 611
504 785
992 630
573 282
673 457
415 468
752 290
571 312
696 16
477 449
877 606
802 658
590 128
186 567
795 397
561 876
643 394
424 647
479 887
920 980
533 324
328 276
775 689
538 353
78 466
457 673
730 356
18 746
207 338
273 162
543 800